       Time_s                                                                                                     001                                                                                                     002                                                                                                     003                                                                                                     004                                                                                                     005                                                                                                     006                                                                                                     007                                                                                                     008                                                                                                     009                                                                                                                                                                                                          
   0.0000E+00   1.2521E+23   1.8440E+24   9.1559E+23   5.6372E+23   2.2036E+23   1.3510E+23   5.4172E+22   1.5846E+22   4.2879E+21   0.0000E+00   0.0000E+00   0.0000E+00   0.0000E+00   0.0000E+00   0.0000E+00   0.0000E+00   0.0000E+00   7.9050E+20   5.3014E+22   3.5297E+20   2.1426E+22   6.6278E+21   2.1152E+21   0.0000E+00   0.0000E+00   0.0000E+00   0.0000E+00   0.0000E+00   0.0000E+00   0.0000E+00   0.0000E+00   0.0000E+00   0.0000E+00   0.0000E+00   0.0000E+00   9.0246E+11   0.0000E+00   0.0000E+00   0.0000E+00   0.0000E+00   0.0000E+00   0.0000E+00   0.0000E+00   0.0000E+00   0.0000E+00   0.0000E+00   0.0000E+00   0.0000E+00   0.0000E+00   0.0000E+00   0.0000E+00   0.0000E+00   0.0000E+00   0.0000E+00   0.0000E+00   0.0000E+00   0.0000E+00   0.0000E+00   0.0000E+00   0.0000E+00   0.0000E+00   0.0000E+00   0.0000E+00   0.0000E+00   0.0000E+00   0.0000E+00   0.0000E+00   0.0000E+00   0.0000E+00   0.0000E+00   0.0000E+00   0.0000E+00   0.0000E+00   0.0000E+00   0.0000E+00   0.0000E+00   0.0000E+00   0.0000E+00   0.0000E+00   7.3693E+15   0.0000E+00   0.0000E+00   0.0000E+00   0.0000E+00   0.0000E+00   0.0000E+00   0.0000E+00   0.0000E+00   0.0000E+00   0.0000E+00   0.0000E+00   2.8250E+19   8.0663E+19   4.1060E+19   3.3777E+20   1.4481E+20   3.5212E+19   2.4347E+19   4.9468E+19   2.7079E+19   1.1220E+19   7.4755E+17   8.1415E+16   2.5952E+17   6.9614E+21   7.4034E+20   3.6119E+20   4.8318E+20   3.6265E+20   1.0303E+17   0.0000E+00   0.0000E+00   0.0000E+00   0.0000E+00   0.0000E+00   0.0000E+00   1.3274E+15   1.0526E+17   0.0000E+00   0.0000E+00   0.0000E+00   0.0000E+00   0.0000E+00   0.0000E+00
   5.0000E-09   9.6306E+22   1.4183E+24   7.0422E+23   4.3358E+23   1.6949E+23   1.0391E+23   4.1666E+22   1.2188E+22   3.2980E+21   1.6916E+21   8.8905E+20   5.8399E+20   2.0132E+20   1.1531E+20   4.2728E+19   7.1513E+18   9.6359E+17   6.0847E+20   4.0807E+22   2.7169E+20   1.6492E+22   5.1017E+21   1.6282E+21   1.9518E+18   3.2784E+17   3.2738E+16   3.7062E+15   2.9059E+13   2.7019E+13   2.4952E+13   1.3006E+13   9.9677E+12   4.7965E+12   1.6372E+12   5.0640E+11   9.0092E+11   7.8040E+08   5.4422E+08   4.4674E+08   2.1831E+08   1.6062E+08   7.5141E+07   2.5125E+07   3.9544E+09   3.6768E+09   3.3955E+09   1.7700E+09   1.3564E+09   6.5272E+08   2.2280E+08   6.8912E+07   1.2260E+08   1.0620E+05   7.4059E+04   6.0794E+04   2.9709E+04   2.1857E+04   1.0225E+04   3.4191E+03   1.7632E+14   1.6394E+14   1.5140E+14   7.8920E+13   6.0481E+13   2.9104E+13   9.9341E+12   3.0727E+12   5.4665E+12   4.7353E+09   3.3022E+09   2.7107E+09   1.3247E+09   9.7457E+08   4.5594E+08   1.5245E+08   5.4273E+14   4.3937E+14   2.0057E+14   8.5349E+13   7.3680E+15   6.9763E+11   4.2358E+11   1.7188E+11   3.3490E+15   2.7112E+15   1.2377E+15   5.2666E+14   4.5466E+16   4.3048E+12   2.6138E+12   1.0606E+12   2.1728E+19   6.2042E+19   3.1581E+19   2.5980E+20   1.1138E+20   2.7083E+19   1.8726E+19   3.8048E+19   2.0828E+19   8.6300E+18   5.7498E+17   6.2620E+16   1.9961E+17   5.3584E+21   5.6987E+20   2.7802E+20   3.7192E+20   2.7915E+20   7.9309E+16   7.5320E+15   1.6209E+14   2.6074E+15   2.1448E+17   3.4911E+05   3.4599E+10   1.0210E+15   8.1026E+16   1.0709E+08   3.6140E+07   4.4397E+10   3.9957E+10   4.4397E+09   7.6748E-09
   5.0000E-09   9.6306E+22   1.4183E+24   7.0422E+23   4.3358E+23   1.6949E+23   1.0391E+23   4.1666E+22   1.2188E+22   3.2980E+21   1.6916E+21   8.8905E+20   5.8399E+20   2.0132E+20   1.1531E+20   4.2728E+19   7.1513E+18   9.6359E+17   6.0847E+20   4.0807E+22   2.7169E+20   1.6492E+22   5.1017E+21   1.6282E+21   1.9518E+18   3.2784E+17   3.2738E+16   3.7062E+15   2.9059E+13   2.7019E+13   2.4952E+13   1.3006E+13   9.9677E+12   4.7965E+12   1.6372E+12   5.0640E+11   9.0092E+11   7.8040E+08   5.4422E+08   4.4674E+08   2.1831E+08   1.6062E+08   7.5141E+07   2.5125E+07   3.9544E+09   3.6768E+09   3.3955E+09   1.7700E+09   1.3564E+09   6.5272E+08   2.2280E+08   6.8912E+07   1.2260E+08   1.0620E+05   7.4059E+04   6.0794E+04   2.9709E+04   2.1857E+04   1.0225E+04   3.4191E+03   1.7632E+14   1.6394E+14   1.5140E+14   7.8920E+13   6.0481E+13   2.9104E+13   9.9341E+12   3.0727E+12   5.4665E+12   4.7353E+09   3.3022E+09   2.7107E+09   1.3247E+09   9.7457E+08   4.5594E+08   1.5245E+08   5.4273E+14   4.3937E+14   2.0057E+14   8.5349E+13   7.3680E+15   6.9763E+11   4.2358E+11   1.7188E+11   3.3490E+15   2.7112E+15   1.2377E+15   5.2666E+14   4.5466E+16   4.3048E+12   2.6138E+12   1.0606E+12   2.1728E+19   6.2042E+19   3.1581E+19   2.5980E+20   1.1138E+20   2.7083E+19   1.8726E+19   3.8048E+19   2.0828E+19   8.6300E+18   5.7498E+17   6.2620E+16   1.9961E+17   5.3584E+21   5.6987E+20   2.7802E+20   3.7192E+20   2.7915E+20   7.9309E+16   7.5320E+15   1.6209E+14   2.6074E+15   2.1448E+17   3.4911E+05   3.4599E+10   1.0210E+15   8.1026E+16   1.0709E+08   3.6140E+07   4.4397E+10   3.9957E+10   4.4397E+09   7.6748E-09
   5.0000E-09   9.6306E+22   1.4183E+24   7.0422E+23   4.3358E+23   1.6949E+23   1.0391E+23   4.1666E+22   1.2188E+22   3.2980E+21   1.6916E+21   8.8905E+20   5.8399E+20   2.0132E+20   1.1531E+20   4.2728E+19   7.1513E+18   9.6359E+17   6.0847E+20   4.0807E+22   2.7169E+20   1.6492E+22   5.1017E+21   1.6282E+21   1.9518E+18   3.2784E+17   3.2738E+16   3.7062E+15   2.9059E+13   2.7019E+13   2.4952E+13   1.3006E+13   9.9677E+12   4.7965E+12   1.6372E+12   5.0640E+11   9.0092E+11   7.8040E+08   5.4422E+08   4.4674E+08   2.1831E+08   1.6062E+08   7.5141E+07   2.5125E+07   3.9544E+09   3.6768E+09   3.3955E+09   1.7700E+09   1.3564E+09   6.5272E+08   2.2280E+08   6.8912E+07   1.2260E+08   1.0620E+05   7.4059E+04   6.0794E+04   2.9709E+04   2.1857E+04   1.0225E+04   3.4191E+03   1.7632E+14   1.6394E+14   1.5140E+14   7.8920E+13   6.0481E+13   2.9104E+13   9.9341E+12   3.0727E+12   5.4665E+12   4.7353E+09   3.3022E+09   2.7107E+09   1.3247E+09   9.7457E+08   4.5594E+08   1.5245E+08   5.4273E+14   4.3937E+14   2.0057E+14   8.5349E+13   7.3680E+15   6.9763E+11   4.2358E+11   1.7188E+11   3.3490E+15   2.7112E+15   1.2377E+15   5.2666E+14   4.5466E+16   4.3048E+12   2.6138E+12   1.0606E+12   2.1728E+19   6.2042E+19   3.1581E+19   2.5980E+20   1.1138E+20   2.7083E+19   1.8726E+19   3.8048E+19   2.0828E+19   8.6300E+18   5.7498E+17   6.2620E+16   1.9961E+17   5.3584E+21   5.6987E+20   2.7802E+20   3.7192E+20   2.7915E+20   7.9309E+16   7.5320E+15   1.6209E+14   2.6074E+15   2.1448E+17   3.4911E+05   3.4599E+10   1.0210E+15   8.1026E+16   1.0709E+08   3.6140E+07   4.4397E+10   3.9957E+10   4.4397E+09   7.6748E-09
   5.0000E-09   9.6306E+22   1.4183E+24   7.0422E+23   4.3358E+23   1.6949E+23   1.0391E+23   4.1666E+22   1.2188E+22   3.2980E+21   1.6916E+21   8.8905E+20   5.8399E+20   2.0132E+20   1.1531E+20   4.2728E+19   7.1513E+18   9.6359E+17   6.0847E+20   4.0807E+22   2.7169E+20   1.6492E+22   5.1017E+21   1.6282E+21   1.9518E+18   3.2784E+17   3.2738E+16   3.7062E+15   2.9059E+13   2.7019E+13   2.4952E+13   1.3006E+13   9.9677E+12   4.7965E+12   1.6372E+12   5.0640E+11   9.0092E+11   7.8040E+08   5.4422E+08   4.4674E+08   2.1831E+08   1.6062E+08   7.5141E+07   2.5125E+07   3.9544E+09   3.6768E+09   3.3955E+09   1.7700E+09   1.3564E+09   6.5272E+08   2.2280E+08   6.8912E+07   1.2260E+08   1.0620E+05   7.4059E+04   6.0794E+04   2.9709E+04   2.1857E+04   1.0225E+04   3.4191E+03   1.7632E+14   1.6394E+14   1.5140E+14   7.8920E+13   6.0481E+13   2.9104E+13   9.9341E+12   3.0727E+12   5.4665E+12   4.7353E+09   3.3022E+09   2.7107E+09   1.3247E+09   9.7457E+08   4.5594E+08   1.5245E+08   5.4273E+14   4.3937E+14   2.0057E+14   8.5349E+13   7.3680E+15   6.9763E+11   4.2358E+11   1.7188E+11   3.3490E+15   2.7112E+15   1.2377E+15   5.2666E+14   4.5466E+16   4.3048E+12   2.6138E+12   1.0606E+12   2.1728E+19   6.2042E+19   3.1581E+19   2.5980E+20   1.1138E+20   2.7083E+19   1.8726E+19   3.8048E+19   2.0828E+19   8.6300E+18   5.7498E+17   6.2620E+16   1.9961E+17   5.3584E+21   5.6987E+20   2.7802E+20   3.7192E+20   2.7915E+20   7.9309E+16   7.5320E+15   1.6209E+14   2.6074E+15   2.1448E+17   3.4911E+05   3.4599E+10   1.0210E+15   8.1026E+16   1.0709E+08   3.6140E+07   4.4397E+10   3.9957E+10   4.4397E+09   7.6748E-09
   5.0000E-09   9.6306E+22   1.4183E+24   7.0422E+23   4.3358E+23   1.6949E+23   1.0391E+23   4.1666E+22   1.2188E+22   3.2980E+21   1.6916E+21   8.8905E+20   5.8399E+20   2.0132E+20   1.1531E+20   4.2728E+19   7.1513E+18   9.6359E+17   6.0847E+20   4.0807E+22   2.7169E+20   1.6492E+22   5.1017E+21   1.6282E+21   1.9518E+18   3.2784E+17   3.2738E+16   3.7062E+15   2.9059E+13   2.7019E+13   2.4952E+13   1.3006E+13   9.9677E+12   4.7965E+12   1.6372E+12   5.0640E+11   9.0092E+11   7.8040E+08   5.4422E+08   4.4674E+08   2.1831E+08   1.6062E+08   7.5141E+07   2.5125E+07   3.9544E+09   3.6768E+09   3.3955E+09   1.7700E+09   1.3564E+09   6.5272E+08   2.2280E+08   6.8912E+07   1.2260E+08   1.0620E+05   7.4059E+04   6.0794E+04   2.9709E+04   2.1857E+04   1.0225E+04   3.4191E+03   1.7632E+14   1.6394E+14   1.5140E+14   7.8920E+13   6.0481E+13   2.9104E+13   9.9341E+12   3.0727E+12   5.4665E+12   4.7353E+09   3.3022E+09   2.7107E+09   1.3247E+09   9.7457E+08   4.5594E+08   1.5245E+08   5.4273E+14   4.3937E+14   2.0057E+14   8.5349E+13   7.3680E+15   6.9763E+11   4.2358E+11   1.7188E+11   3.3490E+15   2.7112E+15   1.2377E+15   5.2666E+14   4.5466E+16   4.3048E+12   2.6138E+12   1.0606E+12   2.1728E+19   6.2042E+19   3.1581E+19   2.5980E+20   1.1138E+20   2.7083E+19   1.8726E+19   3.8048E+19   2.0828E+19   8.6300E+18   5.7498E+17   6.2620E+16   1.9961E+17   5.3584E+21   5.6987E+20   2.7802E+20   3.7192E+20   2.7915E+20   7.9309E+16   7.5320E+15   1.6209E+14   2.6074E+15   2.1448E+17   3.4911E+05   3.4599E+10   1.0210E+15   8.1026E+16   1.0709E+08   3.6140E+07   4.4397E+10   3.9957E+10   4.4397E+09   7.6748E-09
   5.0000E-09   9.6306E+22   1.4183E+24   7.0422E+23   4.3358E+23   1.6949E+23   1.0391E+23   4.1666E+22   1.2188E+22   3.2980E+21   1.6916E+21   8.8905E+20   5.8399E+20   2.0132E+20   1.1531E+20   4.2728E+19   7.1513E+18   9.6359E+17   6.0847E+20   4.0807E+22   2.7169E+20   1.6492E+22   5.1017E+21   1.6282E+21   1.9518E+18   3.2784E+17   3.2738E+16   3.7062E+15   2.9059E+13   2.7019E+13   2.4952E+13   1.3006E+13   9.9677E+12   4.7965E+12   1.6372E+12   5.0640E+11   9.0092E+11   7.8040E+08   5.4422E+08   4.4674E+08   2.1831E+08   1.6062E+08   7.5141E+07   2.5125E+07   3.9544E+09   3.6768E+09   3.3955E+09   1.7700E+09   1.3564E+09   6.5272E+08   2.2280E+08   6.8912E+07   1.2260E+08   1.0620E+05   7.4059E+04   6.0794E+04   2.9709E+04   2.1857E+04   1.0225E+04   3.4191E+03   1.7632E+14   1.6394E+14   1.5140E+14   7.8920E+13   6.0481E+13   2.9104E+13   9.9341E+12   3.0727E+12   5.4665E+12   4.7353E+09   3.3022E+09   2.7107E+09   1.3247E+09   9.7457E+08   4.5594E+08   1.5245E+08   5.4273E+14   4.3937E+14   2.0057E+14   8.5349E+13   7.3680E+15   6.9763E+11   4.2358E+11   1.7188E+11   3.3490E+15   2.7112E+15   1.2377E+15   5.2666E+14   4.5466E+16   4.3048E+12   2.6138E+12   1.0606E+12   2.1728E+19   6.2042E+19   3.1581E+19   2.5980E+20   1.1138E+20   2.7083E+19   1.8726E+19   3.8048E+19   2.0828E+19   8.6300E+18   5.7498E+17   6.2620E+16   1.9961E+17   5.3584E+21   5.6987E+20   2.7802E+20   3.7192E+20   2.7915E+20   7.9309E+16   7.5320E+15   1.6209E+14   2.6074E+15   2.1448E+17   3.4911E+05   3.4599E+10   1.0210E+15   8.1026E+16   1.0709E+08   3.6140E+07   4.4397E+10   3.9957E+10   4.4397E+09   7.6748E-09
   5.0000E-09   9.6306E+22   1.4183E+24   7.0422E+23   4.3358E+23   1.6949E+23   1.0391E+23   4.1666E+22   1.2188E+22   3.2980E+21   1.6916E+21   8.8905E+20   5.8399E+20   2.0132E+20   1.1531E+20   4.2728E+19   7.1513E+18   9.6359E+17   6.0847E+20   4.0807E+22   2.7169E+20   1.6492E+22   5.1017E+21   1.6282E+21   1.9518E+18   3.2784E+17   3.2738E+16   3.7062E+15   2.9059E+13   2.7019E+13   2.4952E+13   1.3006E+13   9.9677E+12   4.7965E+12   1.6372E+12   5.0640E+11   9.0092E+11   7.8040E+08   5.4422E+08   4.4674E+08   2.1831E+08   1.6062E+08   7.5141E+07   2.5125E+07   3.9544E+09   3.6768E+09   3.3955E+09   1.7700E+09   1.3564E+09   6.5272E+08   2.2280E+08   6.8912E+07   1.2260E+08   1.0620E+05   7.4059E+04   6.0794E+04   2.9709E+04   2.1857E+04   1.0225E+04   3.4191E+03   1.7632E+14   1.6394E+14   1.5140E+14   7.8920E+13   6.0481E+13   2.9104E+13   9.9341E+12   3.0727E+12   5.4665E+12   4.7353E+09   3.3022E+09   2.7107E+09   1.3247E+09   9.7457E+08   4.5594E+08   1.5245E+08   5.4273E+14   4.3937E+14   2.0057E+14   8.5349E+13   7.3680E+15   6.9763E+11   4.2358E+11   1.7188E+11   3.3490E+15   2.7112E+15   1.2377E+15   5.2666E+14   4.5466E+16   4.3048E+12   2.6138E+12   1.0606E+12   2.1728E+19   6.2042E+19   3.1581E+19   2.5980E+20   1.1138E+20   2.7083E+19   1.8726E+19   3.8048E+19   2.0828E+19   8.6300E+18   5.7498E+17   6.2620E+16   1.9961E+17   5.3584E+21   5.6987E+20   2.7802E+20   3.7192E+20   2.7915E+20   7.9309E+16   7.5320E+15   1.6209E+14   2.6074E+15   2.1448E+17   3.4911E+05   3.4599E+10   1.0210E+15   8.1026E+16   1.0709E+08   3.6140E+07   4.4397E+10   3.9957E+10   4.4397E+09   7.6748E-09
   5.0000E-09   9.6306E+22   1.4183E+24   7.0422E+23   4.3358E+23   1.6949E+23   1.0391E+23   4.1666E+22   1.2188E+22   3.2980E+21   1.6916E+21   8.8905E+20   5.8399E+20   2.0132E+20   1.1531E+20   4.2728E+19   7.1513E+18   9.6359E+17   6.0847E+20   4.0807E+22   2.7169E+20   1.6492E+22   5.1017E+21   1.6282E+21   1.9518E+18   3.2784E+17   3.2738E+16   3.7062E+15   2.9059E+13   2.7019E+13   2.4952E+13   1.3006E+13   9.9677E+12   4.7965E+12   1.6372E+12   5.0640E+11   9.0092E+11   7.8040E+08   5.4422E+08   4.4674E+08   2.1831E+08   1.6062E+08   7.5141E+07   2.5125E+07   3.9544E+09   3.6768E+09   3.3955E+09   1.7700E+09   1.3564E+09   6.5272E+08   2.2280E+08   6.8912E+07   1.2260E+08   1.0620E+05   7.4059E+04   6.0794E+04   2.9709E+04   2.1857E+04   1.0225E+04   3.4191E+03   1.7632E+14   1.6394E+14   1.5140E+14   7.8920E+13   6.0481E+13   2.9104E+13   9.9341E+12   3.0727E+12   5.4665E+12   4.7353E+09   3.3022E+09   2.7107E+09   1.3247E+09   9.7457E+08   4.5594E+08   1.5245E+08   5.4273E+14   4.3937E+14   2.0057E+14   8.5349E+13   7.3680E+15   6.9763E+11   4.2358E+11   1.7188E+11   3.3490E+15   2.7112E+15   1.2377E+15   5.2666E+14   4.5466E+16   4.3048E+12   2.6138E+12   1.0606E+12   2.1728E+19   6.2042E+19   3.1581E+19   2.5980E+20   1.1138E+20   2.7083E+19   1.8726E+19   3.8048E+19   2.0828E+19   8.6300E+18   5.7498E+17   6.2620E+16   1.9961E+17   5.3584E+21   5.6987E+20   2.7802E+20   3.7192E+20   2.7915E+20   7.9309E+16   7.5320E+15   1.6209E+14   2.6074E+15   2.1448E+17   3.4911E+05   3.4599E+10   1.0210E+15   8.1026E+16   1.0709E+08   3.6140E+07   4.4397E+10   3.9957E+10   4.4397E+09   7.6748E-09
   5.0000E-09   9.6306E+22   1.4183E+24   7.0422E+23   4.3358E+23   1.6949E+23   1.0391E+23   4.1666E+22   1.2188E+22   3.2980E+21   1.6916E+21   8.8905E+20   5.8399E+20   2.0132E+20   1.1531E+20   4.2728E+19   7.1513E+18   9.6359E+17   6.0847E+20   4.0807E+22   2.7169E+20   1.6492E+22   5.1017E+21   1.6282E+21   1.9518E+18   3.2784E+17   3.2738E+16   3.7062E+15   2.9059E+13   2.7019E+13   2.4952E+13   1.3006E+13   9.9677E+12   4.7965E+12   1.6372E+12   5.0640E+11   9.0092E+11   7.8040E+08   5.4422E+08   4.4674E+08   2.1831E+08   1.6062E+08   7.5141E+07   2.5125E+07   3.9544E+09   3.6768E+09   3.3955E+09   1.7700E+09   1.3564E+09   6.5272E+08   2.2280E+08   6.8912E+07   1.2260E+08   1.0620E+05   7.4059E+04   6.0794E+04   2.9709E+04   2.1857E+04   1.0225E+04   3.4191E+03   1.7632E+14   1.6394E+14   1.5140E+14   7.8920E+13   6.0481E+13   2.9104E+13   9.9341E+12   3.0727E+12   5.4665E+12   4.7353E+09   3.3022E+09   2.7107E+09   1.3247E+09   9.7457E+08   4.5594E+08   1.5245E+08   5.4273E+14   4.3937E+14   2.0057E+14   8.5349E+13   7.3680E+15   6.9763E+11   4.2358E+11   1.7188E+11   3.3490E+15   2.7112E+15   1.2377E+15   5.2666E+14   4.5466E+16   4.3048E+12   2.6138E+12   1.0606E+12   2.1728E+19   6.2042E+19   3.1581E+19   2.5980E+20   1.1138E+20   2.7083E+19   1.8726E+19   3.8048E+19   2.0828E+19   8.6300E+18   5.7498E+17   6.2620E+16   1.9961E+17   5.3584E+21   5.6987E+20   2.7802E+20   3.7192E+20   2.7915E+20   7.9309E+16   7.5320E+15   1.6209E+14   2.6074E+15   2.1448E+17   3.4911E+05   3.4599E+10   1.0210E+15   8.1026E+16   1.0709E+08   3.6140E+07   4.4397E+10   3.9957E+10   4.4397E+09   7.6748E-09